111111111111111111
11              11
11              11
112             11
1111          1111
11     1  1     11
11     1111     11
11              11
11  1        1  11
11              11
11              11
11              11
11   11    11   11
11              11
11              11
11              11
11     1111     11
11              11
11              11
11           11 11
11 11           11
11              11
11         11   11
11   11         11
11              11
11       11     11
11              11
11              11
11              11
11    111       11
11              11
11              11
11              11
11        1     11
11              11
11              11
11           11 11
11 11           11
11              11
11              11
11        11    11
11   11         11
11              11
11              11
11       11     11
11              11
11              11
11    111       11
11              11
11              11
11        1     11
11              11
11           11 11
11 11           11
11              11
11              11
11         11   11
11   11         11
11              11
11              11
11       11     11
11              11
11              11
11              11
11    111       11
11              11
11              11
11        1     11
11              11
11              11
11           11 11
11 11           11
11              11
11              11
11        11    11
11   11         11
11              11
11      11      11
11              11
11              11
11    111       11
11              11
11              11
11       1      11
11              11
11           11 11
11 11           11
11              11
11              11
11         11   11
11   11         11
11              11
11              11
11       11     11
11              11
11              11
11              11
11    111       11
11              11
11              11
11        1     11
11              11
11              11
11           11 11
11 11           11
11              11
11         11   11
11   11         11
11              11
11       11     11
11              11
11              11
11    111       11
11              11
11              11
11        1     11
11              11
11   1      1   11
11              11
111            111
11        11    11
11   11         11
11              11
11       11     11
11              11
11              11
11    111       11
11              11
11              11
11 11        11 11
11              11
11              11
11              11
11   11    11   11
11              11
11              11
11            3 11
111111111111111111
111111111111111111
111111111111111111
111111111111111111
111111111111111111
111111111111111111