1                                                                                                                                                                                  1                                                                                                          
1                                                                                                                                                                                  1                                                                                                          
1                                                                                                             1                                                                    1                                                                                                          
1                                                                                                             1                             5                                      1       1                                          2                                                       
1                                                                                                             1                      1111111111111111                              1       1                                        111111                                                    
1                                                                                                             1                                     1                              1       1                                       1                                                          
1                                 5                                                                           1                                     1                              1       1                                      1                                                           
1                            11111111111                                                                      1                  1111               1                              1       1                                     1                                                            
1                                                                                                             1                                     1111111111111111111111    1            1                               1    1                                                             
1                                                                                                             1        1111                                                   1    111111111                         11111111111                                                              
1                      1111              1111                                                                 1          11                                                   1    1                                                                                                          
1                                                                                                             1            111                                                1    1                                                                                                          
1                                                                                                             1               111          1111111111                         1    1            111111111111                                                                                  
1                  7777                      1111                                                             1                                                               1    1                                                                                                          
1                                                                                                             1                                                               1    1                                                                                                          
1                                                                                                             1                                            11111              1    1                                           5                                                              
1              1111                              1111                                                         1                             1                                 1    1                                   1111111111111                                                          
1                                                                                                             1                             1                                 1    1                              77777                                                                       
1                                                                                                             1                             1                       111       1    1                                                                                                          
1          1111                                      1111                                                     1                7777         1                                 1    1                                                                                                          
1                                                                                                             1                             1                                 1    1                         77777                                                                            
1                              1                                    5                                         1                             1                                 1    1                                                                                                          
1      1111                    1                         111111111111111111111111            11111111111111   1                        5    1                          5      1                        77777                                                                                  
1                              1                                                                                   1      666        11111111                  1111111111111111                                                                                                               
1           1  1  1  1         1                                                                                   1                        1                                 1               666666                                                                                          
1                              1                                                        11               11111111111                        1                                 1                                                                                                               
1                1111111       1                                                         1                                                  1                                 1                                                                                                               
1                       1      1                                                         1                                                  1         1111111                 1                                                                                                               
1                        1     1                                                         1   111111111111                                   1             111                 1     1111111111                                                                                                
1                         1    1                                                                     1                                5     1111          111                 1                                                       5                                                       
1                          11  1                                                                     1                         11111111111111             111                 1                                               111111111111                                                    
1                              1                                                                     1                         1                          111                 1                                                                                                               
1                    5         1                                                                          1111111111111111111111                   111    111                 111111111                                                                                                       
1            1111111111111111111                   66666                                                                                                  111                                                                                 1111                                            
1            1111111111111111111                                           6666                                                                           111                                                                                                                                 
1       111111111111111111111111       6666666                                            1111111                                                  1111111111                                                                             111                                                 
1      1111111111111111111111111                                                                                      5                      1111111111111111                                 111111                                                                                          
1     11111111111111111111111111                               6666                                       111111111111111111111111111111111111111111111111111      66666                                      5                     5                                                         
1 3  111111111111111111111111111                                                                         111111111111111111111111111111111111111111111111111111                                          111111111111111       1111111111111                                                  
1111111111111111111111111111111144444444444444444444444444444444444444444444444444444444444444444444444411111111111111111111111111111111111111111111111111111111444444444444444444444444444444444444444444444444444444444444444444444444444444444444444444444444444444444444444444444444444444