1111111111111111111111111111111111111111111111111111111111111111
1000000000000000000000000000000011110000000000000000000000000011
1000000000000000000000000000000011110200000000000000000000000011
1030000000000000000000000000000011111111000000000000000000000011
1111010000000000000000000000000011111111000005000000000000000011
1111011000000000000000000000000011111111111111111111011110000011
0000001100000000000000000000000011114411111111111111011110000011
0000000110000000000000000000000011110000000000000000001111110011
1014444111100000000000000000000011110000000000000000001111110011
1011111111100666660000000000000011110011111111111111001100000011
1000011001100000000000000000000011110011111111111111001100000011
1111011001100000000000000000000011110000000000000010001111001111
1000011001100000000000000000000011110000000000000010001111001111
1011110001100000000000000000000011111111111111110011000000001111
1001110001100050000000000000000011111111111111110011000000001111
1101110001111111110000000000000011110000000000000011011111000011
0000000001111111110000000000000011110000000000000011011111000011
0000000001100000000000000014444100000001100000000011000000001111
0000000001100000000000000011111100000001100000050011000000001111
0000000001100000000000011011111100000001144411111111114141111111
0000000001100000000000011000111100000001111111111111111111111111
0000000000000000000000011000111100000000000000000000000000001111
0000000000000000000000011000111100000000000000000000000000001111
0000000000000000111111111000111100000000000000000000000000000011
1100000000000000111111111000111111111011000000000000000000000011
1100000000000000110000000000111111111011000000000000000001111111
1100000000000000110011000000000000000011000500000000000001111111
1100000000000000110011001444100000000011111111100000001111111111
1100000000001111110000001111100000000011111111100000001111111111
1100000000111111110000000000000000001110000001111111000000000011
1100000000110000000000000000000000001110000001111111000000000011
1100000011000000000000000000000000000000000000000011000000000011
1100000011000000000000000000000000000000000000000011000000000011
1100001100000000000000000000000666000000000000000011111111110011
1100001100000000000000000000000000000000000000000011111111110011
1111000000000000000000000000000000000000000000000000000000000011
1111000000000000000000000000000000000000000000000000000000000011
1111000000000000000000005000000000000000000000000000000000000011
1111111111111444444411111111444411111111111111111111111111111111
1111111111111111111111111111111111111111111111111111111111111111