1111111111111111111111111111111111111111111111111111111111111111
1000000000000000000000000000000000000000000000000000000000000001
1000000000000000000000000000000000000000000000000000000000000001
1000000110000000000000000000000000000000000000000000000000000001
1003000110000000000000000000000000000000000000000000000000000001
1111111110000000000000000000000000000000000000000000000000000001
1111111110000000000000000000000000000000000000000000000000000001
1000000000000000000000000000000000000000000000000000000000000001
1000000000000000000000000000000000000000000000000000000000000001
1000000000000000500000000000000000000000000000000500000000000001
1111111111111111111111111111111111111111111111111111111111100001
1111111111111111111111111111111111111111111111111111111111100001
1000000000000000000000000000000000000000000000000000000000000001
1000000000000000000000000000000000000000000000000000000000000001
1000000000000000000000500000000000000000000005000000000000000001
1001111111111111111111111111111111111111111111111111111111111111
1001111111111111111111111111111111111111111111111111111111111111
1000000000000000000000000000000000000000000000000000000000000001
1000000000000000000000000000000000000000000000000000000000000001
1000000050000000000000000000000000000000000000000050000000000001
1111111111111111111111111111111111111111111111111111111111100001
1111111111111111111111111111111111114444111111111111111111100001
1000000000000000000000000000000000000000000000000000000000000001
1000000000000000000000000000000000000000000000000000000000000001
1000000000000000000000000000000000000000000000000000000000000001
1001111114444441111111114441111111111111111111111111111111111111
1001111111111111111111111111111111111111111111111111111111111111
1000000000000000000000000000000000000000000000000000000000000001
1000000000000000000000000000000000000000000000000000000000000001
1000000000000000000000000000000000000000000000000000000000020001
1000000000000000000000000000000000000000000000000000000111111111
1000666600000000000000000000000000000000000000000000000111111111
1000000000000000000000000000000000000000000000000000000000000001
1000000000000000000000000000000000000000000000000000000000000001
1000000000006666666000000000000000000000000000000000000660000001
1000000000000000000000000000000000000000000000000000000000000001
1000000000000000000000000000000000000000000000000000000000000001
1000000000000000000000000000000666666666600000000000000000000001
1444444444444444444444444444444444444444444444444444444444444441
1111111111111111111111111111111111111111111111111111111111111111