1111111111111111111111111111111111111111111111111111111111111111
1000000000000000000000000000000000000000000000000000000000000001
1000000000000000000000000000000000000000000000000000000000000001
1000000000000000000000000000000000000000000000000000000000000001
1000000000000000000000000000000000000000000000000000000000000001
1000000000000000000000000000000000000000000000000000000000000001
1000000000000000000000000000000000000000000000000000000000000001
1000000000000000000000000000000000000000000000000000000000000001
1000000000000000000000000000000000000000000000000000000000000001
1000000000000000000000000000000000000000000000000000000000000001
1000000000000000000000000000000000000000000000000000000000000001
1000000000000000000000000000000000000000000000000000000000000001
1000000000000000000000000000000000000000000000000000000000000001
1000000000000000000000000000000000000000000000000000000010000001
1000000000000000000000000000000000000000000000000000001010000001
1000000000000000000000000000000000000000000000000000001010000001
1000000000000000000000000000000000000000000000000000001510000001
1000000000000000000000000000000000000000000000000000001010000001
1000000000000000000000000000000000000000000000000000000000000001
1000000000000000000000000000000000000000000000000000000000000001
1000000000000000000000000000000000000000000000000111000000000001
1000000000000000000000000000000005000000000000000000000001000001
1000000000000000000000000000001111100000000000000000111001000001
1000000000000000010000000000001111100000000000011111000111000001
1000000000000005010000000000000000000000000000000000000000000001
1000000000000011110000000000000000000000000000000000000000000001
1000000000000100001000000000000000000000000000000000000000000001
1000000000111000000100000000000000000000000000000000000000000001
1000000000000000000011100000000000000000000000000000000000000001
1000000000000000000000010000000000000000000000000000000000000001
1000000000000000000000001000000000000000000000000000000000000001
1000000000000000000000000000000000000000000000000000000000000001
1000000000000000000000000000000000000000000000000000000000000001
1000000000000000000000000000000000000000000000000000000000000001
1000000000000000000000000000000000000000000000000000000000000001
1000000000000000000000000000000000000000000000000000000000000001
1000000000000000000000000000000000000000000000000000000000000001
1000000000000000000000000000000000000000000000000000000000000001
1030000000001100000000000000000000000000000000000000000000000201
1111111111111111111111111111111111111111111111111111111111111111