1111111111111111111111111111111111111111111111111111111111111111
1                                                              1
1                                                              1
1                                                              1
1                                                              1
1                                                              1
1                         5             5                      1
1                    1111111111111111111111111111111111111     1
1                                         1111111111111111     1
1                                         1111111111111111     1
1                                         1111111111111111     1
1                                         1111111111111111     1
1                                         1111111111111111     1
1                                         1111111111111111     1
1                                         1111111111111111     1
1                                         1111111111111111     1
1                                         111111111111111111   1
1                                         1111111111111111     1
1            1                            11111      11111     1
1            1                            1111        1111     1
1            1                            111          111   111
1            1                            11                   1
1            1                            11            5      1
1            1                            1111  1111111111111111
1     2      1                            11                   1
11111111111111                            11                   1
1            1                            11                   1
1            1                            1111111111111111     1
1    11111  11                                                11
1    11      1                                               111
1    11      1                                              1111
1    11      1                                             11111
1    11      1                                            111111
1    11      1                                           1111111
1    11     11                                          11111111
1    11                                                111111111
1    11                              5                1111111111
1    11           1111111111111111111111111111111111111111111111
1 3  11     5     11                                           1
1111111111111111111144444444444444444444444444444444444444444441