1                                                                                                                                             11                                               1
1                                                                                                                                             11                                               1
1                                                                                                                                             11                                               1
1                                                                                                                                             11                                               1
1                                                                                                                                             11                                               1
1                                                                                                                                             11                                               1
1                                                                                                                                             11                                               1
1                                                                                                                                             11                                               1
1                                                                                                                                             11                                               1
1                                                                                                                                             11                                               1
1                                                                                                                                             11                                               1
1                                                                                                                                             11                                               1
1                                                                                                                                             11                                               1
1                                                                                                                                             11                                               1
1                                                                                                                                             11                                               1
1                                                                                                                                             11                                               1
1                                                                                                                                             11                                               1
1                                                                                                                                             11                                               1
1                                                                                                                                             11                                               1
1                                                                                                                                             11                                               1
1                                                                                                                                             11                                               1
1                                                                                                                                             11                                               1
1                                                                                                                                             11                                               1
1                                                                                                                                             11                                               1
1                                                                                                                                             11                                               1
1                                                                                                                                             11                                               1
1                                                                                                                                             11                                               1
1                                                                                                                                             11                                               1
1                                                                                                                                             11                                               1
1                                                                                                                                             11                                               1
1                                                                                                                                             11                                               1
1                                                                                                                                             11                                               1
1                                                                                                                                             11                                               1
1            11                                                                                                                               11                                               1
1                         1                                                                                                                   11                                               1
1         11                                                                                                                                                                                   1
1                    11  1111111       5         1                                                    1   1           11     1111      111    11                                               1
1                    11  1111111   11111111   1         5       5                                    11   11      11  11    11111   1  111    11  11                                           1
1 3                  11  1111111   11111111 11111111111111111111111                  5              111   111   5 11  11  51111111  11 111  5 11  11                     2                     1        
111111111111111111111111111111111111111111111111111111111111111111144444111111111111111111111111441111144411111111111111111111111111111111111111111111111111111111111111111111111111111111111111