111111111111111111111111111111111111111111111111111111111111111111111111111111111111111111111111111111111111111111111111111111111111111111111111111111111111111111111111
100000000000000000000000000000000000000000000000000000000000000000000000000000000000000000000000000000000000000000000000000000000000000000000000000000000000000000000001
100000000000000000000000000000000000000000000000000000000000000000000000000000000000000000000000000000000000000000000000000000000000000000000000000000000000000000000001
100000000000000000000000000000000000000000000000000000000000000000000000000000000000000000000000000000000000000000000000000000000000000000000000000000000000000000000001
100300000000000000000000000000000000000000000000000777000000000000000000000000000666666600000000000000000000000000000000000000000007770000000000000000000000000000000001
111111000000000000000000066666000000000000000000000000000000000000000000000000000000000000000000000000000000000000000000000000000000000000006666000000000000000000002001
111111100000000000000000000000000000000000000000000000000000000000000000000000000000000000000000000000000000066660000000000000000000000000000000000000000000000001111111
111111110000777770000000000000000000000000000000000000000000000000000000000000000000000000000000000000000000000000000000000000000000000000000000000000000000000001111111
111111111000000000000000000000000000000007770000000000000000000000000000666000000000000000000000000000000000000000000000000777700000000000000000000000000000000000000001
111111111100000000000000000000000000000000000000000000000000000000000000000000000000000000000077777777000000000000000000000000000000000000000000000000000000000000000001
111111111110000000000000000000000000000000000000000000000000000777000000000000000000000000000000000000000000000000000000000000000000000000000000000000000000000000000001
111111111111000000000000000000000000000000000000000000000000000000000000000000000000000000000000000000000000000000000000000000000000000000000000000000000000000000000001
144444444444444444444444444444444444444444444444444444444444444444444444444444444444444444444444444444444444444444444444444444444444444444444444444444444444444444444441
144444444444444444444444444444444444444444444444444444444444444444444444444444444444444444444444444444444444444444444444444444444444444444444444444444444444444444444441
144444444444444444444444444444444444444444444444444444444444444444444444444444444444444444444444444444444444444444444444444444444444444444444444444444444444444444444441
144444444444444444444444444444444444444444444444444444444444444444444444444444444444444444444444444444444444444444444444444444444444444444444444444444444444444444444441
144444444444444444444444444444444444444444444444444444444444444444444444444444444444444444444444444444444444444444444444444444444444444444444444444444444444444444444441
111111111111111111111111111111111111111111111111111111111111111111111111111111111111111111111111111111111111111111111111111111111111111111111111111111111111111111111111