111111111111111111111111111111111111111111111111111111111111111111111111111111111111
100000000000000000000000000000000000000000000000000000000000000000000000000000000001
100000000000000000000000000000000000000000000000000000000000000000000000000000000001
100000000000000000000000000000000000000000000000000000000000000000000000000000000001
100000000000000000000000000000000000000000000000000000000000000000000000000000000001
100000000000000000000000000000000000000000000000000000000000000000000000000000000001
100000000000000000000000000000000000000000000000000000000000000000000000000000000001
100000000000000000000000000000000000000000000000000000000000000000000000000000000001
100000000000000000000000000000000000000000000000000000000000000000000000000000000001
100000000000000000000000000000000000000000000000000000000000000000000000000000000001
100000000000000000000000000000000000000000000000000000000000000000000000000000000001
100000000000000000000000000000000000000000000000000000000000000000000000000000000001
100000000000000000000000000000000000000000000000000000000000000000000000000000000001
100000000000000000000000000000000000000000000000000000000000000000000000000000000001
100000000000000000000000000000000000000000000000000000000000000000000000000000000001
100000000000000000000000000000000000000000000000000000000000000000000000000000000001
100000000000000000000000000000000000000000000000000000000000000000000000000000000001
100000000000000000000000000000000000000000000000000000000000000000000000000000000001
100000000000000000000000000000000000000000000000000000000000000000000000000000000001
100000000000000000000000000000000000000000000000000000000000000000000000000000000001
100000000000000000000000000000000000000000000000000000000000000000000000000000000001
100000000000000000000000000000000000000000000000000000000000000000000000000000000001
100000000000000000000000000000000000000000000000000000000000000000000000000000000001
100000000000000000000000000000000000000000000000000000000000000000000000000000000001
100000000000000000000000000000000000000000000000000000000000000000000000000000000001
100000000000000000000000000000000000000000000000000000000000000000000000000000000001
100000000000000000000000000000000000000000000000000000000000000000000000000000000001
100000000000000000000000000000000000000000000000000000000000000000000000000000000001
100000000000000000000000000000000000000000000000000000000000000000000000000000000001
100000000000000000000000000000000000000000000000000000000000000000000000000000000001
100000000000000000000000000000000000000000000000000000000000000000000000000000000001
100000000000000000000000000000000000000000000000000000000000000000000000000000000001
100000000000000000000000000000000000000000000000000000000000000000000000000000000001
100000000000000000000000000000000000000000000000000000000000000000000000000000000001
100000000000000000000000000000000000000000000000000000000000000000000000000000000001
100000000000000000000000000000000000000000000000000000000000000000000000000000000001
100000000000000000000000000000000000000000000000000000000000000000000000000000000001
100000000000000000000000000000000000000000000000000000000000000000000000000000000001
103000000000000000000000000000000000000000000000000000000000000000000000000000000201
111111111111111111111111111111111111111111111111111111111111111111111111111111111111