                                                                
                                                                
                                                                
                                                                
                                                                
                                                                
                                                                
                                                                
                                                                
                                                                
                                                                
                                                                
                                                                
                                                                
                                                                
                                                                
                                                                
                                                                
1                                                              1
11                                                            11
11                                                            11
11                                                            11
11                                                            11
11                                                            11
11                                                            11
11                                                            11
11                                                            11
11                                                            11
11                              2                             11
11                         11111111111                        11
11                         11111111111                        11
11                          111111111                         11
11                                                            11
11                                            111111111111111111
11                                            111111111111111111
11                                            111111111111111111
11        111111111111111111111111111111111111111111111111111111
11 3     1111111111111111111111111111111111111111111111111111111
1111111111111111111111111111111111111111111111111111111111111111
1111111111111111111111111111111111111111111111111111111111111111