11                                  1111111111111111111111111111
11                                  1111111111111111111111111111
11                                  1111111111111111111111111111
11                                  1111111111111111111111111111
11                                  1111111111111111111111111111
11                                  1111111111111111111111111111
11                                  1111111111111111111111111111
11                                  1111111111111111111111111111
11                                  1111111111111111111111111111
11                                  1111111111111111111111111111
11                                  1111111111111111111111111111
11                                  1111111111111111111111111111
11                                  1111111111111111111111111111
11                                  1111111111111111111111111111
11                                  1111111111111111111111111111
11                                  1111111111111111111111111111
11                                  1111111111111111111111111111
11                                  1111111111111111111111111111                                             
11                                  1111111111111111111111111111
11                                  1111111111111111111111111111
11                                   111111111111111111111111111
11                                                  111111111111
11                                                    1111111111
11                                                     111111111
11                                                      11111111
11                                                      11111111
11                                  2                   11111111
11                               1111111111111          11111111
11                               1111111111111          11111111
11                                111111111111          11111111
11                                 11111111111          11111111
11                                 11111111111          11111111
11                                 11111111111          11111111
11                                 11111111111          11111111
11                                                      11111111
111                                                     11111111
11111                                                   11111111
11111  3                                                11111111
1111111111111111111111111111111111111111111111111111111111111111
1111111111111111111111111111111111111111111111111111111111111111